1.315535050863531751e+03
1.757369551449543223e+02
5.022125017105635152e+02
2.374955110676395691e+02
8.335774410403728041e+01
9.961208062650957800e+02
1.936390865231753367e+02
6.923883033425832423e+01
2.417475193785085992e+02
1.860453680385628331e+03
2.342751729268526049e+02
4.782168570306677111e+02
3.885532716510792852e+02
2.614893827296447171e+02
3.208692873655191988e+02
2.912486844388768645e+02
6.218136886389034999e+02
2.121088998158536185e+02
1.797775913043319406e+03
1.206263547237354260e+03
3.426808846244192068e+02
1.430441431590416812e+02
7.850513939596513069e+01
2.579027165589313313e+02
8.259822495145900803e+02
1.652159494218430382e+03
4.427031149940931414e+02
2.920091943483094497e+02
3.023920780690958736e+02
4.507747509519036555e+01
5.310675730659481815e+02
1.773769907692918366e+02
1.953056844578690061e+02
2.830930654987605521e+02
2.098118009892444604e+02
2.292551323849694995e+02
4.823412193185788965e+03
5.364098742904114260e+03
2.038152268984458431e+02
3.438546717492080802e+02
1.258237832782210006e+02
5.349897894343589400e+01
4.336510868255669493e+02
3.150211849668631885e+02
9.117157513329735252e+01
6.387884978579911603e+02
4.502130770315676500e+02
6.434107873035493412e+02
2.387077690900185019e+02
1.323432551029650313e+02
2.475897867522628815e+02
7.691360583358761005e+01
4.889153486325677989e+01
3.822625523619802834e+02
8.902492809875158741e+01
1.034860989390368559e+03
2.072310016774933388e+02
1.498779372243773423e+03
2.303648423507384564e+02
7.903530909258941506e+01
9.942049172641213772e+02
6.201053793417142970e+02
1.417838629018592940e+02
1.396871117121115446e+02
6.447054281697260194e+02
8.909400252968296172e+02
1.872366793375260556e+02
1.804412464828312750e+02
3.650093326920228378e+02
1.639377307655333027e+02
6.377586857590068803e+02
8.982203871551610064e+01
1.405431557357554084e+03
9.136093907900456657e+01
4.928383302178444296e+02
4.271080933264449868e+02
6.203980518748626309e+02
3.078342404621499213e+02
3.616973564216348223e+02
1.765480343887898869e+02
4.383949364505061226e+02
8.844749351784563487e+02
7.028297488401638304e+01
1.595356781978756544e+02
1.129759510605501447e+02
3.981320379135394205e+01
3.586295765851825763e+02
8.957742983487275978e+02
1.017026133956495926e+02
1.228813190528836913e+03
2.743279471501429043e+02
1.043091522672473843e+02
5.008498951943096472e+03
6.403038709838147042e+02
9.579416811992291514e+02
4.813759374616632272e+02
2.659467147579479729e+02
3.361171424179986644e+01
1.156893530069809913e+03
7.076326483090497277e+01
4.995320496518654636e+02
2.417981887876886447e+02
3.131198966237435570e+02
8.776382585653574324e+02
5.781384657760058872e+02
1.045826673023495914e+02
7.372708433964291430e+01
5.889670197358373116e+01
1.326543736647498235e+03
9.658638706934563061e+02
4.922492105356325283e+02
4.798590030644801914e+02
1.558449365695072117e+02
1.576754923906015051e+02
8.690664762842350228e+02
5.511759881013626909e+02
1.099922487100555770e+02
3.410607549538372609e+02
3.233259786267037157e+02
3.797367575732702676e+02
5.568419746326303539e+02
2.159283351333419319e+02
1.035643599987724741e+02
3.769239366789753944e+02
2.677610482088697950e+02
1.803936305101150595e+02
2.288760953947612222e+02
2.003172436537448959e+02
1.129197196286260805e+03
2.554196116571681898e+02
5.227923622339321810e+02
1.154828947545300025e+03
1.354640941384517134e+02
1.991553524097934087e+03
3.643807716981924614e+02
4.180327129208761789e+02
9.855914964410196717e+02
5.019986341127073501e+02
9.576141798346719725e+02
1.926470718585240434e+02
8.678536008036051044e+02
1.610651635093531013e+03
1.297004864012533858e+02
4.391237527538412905e+03
3.975739256999788722e+02
1.818267279379742604e+03
8.406659621470930688e+02
3.184666436360996045e+02
3.528479789140376397e+02
1.063816617666595448e+03
4.187737422726831369e+02
2.096501303578144757e+02
5.005164627012976553e+02
8.726350401639634811e+02
5.114524422106615020e+01
1.860416787144548607e+02
8.226327042459356562e+02
1.490479580229798842e+02
1.287342122238551838e+03
1.119731068975605552e+02
8.783661537046901913e+02
1.215081477764247211e+03
2.647832998958489839e+02
7.650443198149923774e+02
5.118939347393915682e+02
3.774178050234432931e+02
6.098625515269917514e+02
3.507794604986682998e+02
2.515200816272158306e+02
6.777483812856602299e+02
8.066274598013512787e+02
1.249122137553058337e+03
1.453621895417208805e+02
4.873826311984154245e+02
2.473059379107664313e+02
7.604916343446475366e+02
7.502038333395906875e+02
2.796838046697111508e+02
2.865568798598704916e+02
1.494590169655824070e+02
6.203148564303967305e+02
1.447378403273803258e+02
2.853287132484583708e+02
2.877032858213070767e+02
2.864100528764093383e+02
1.089280582324639681e+03
2.509716478312596450e+02
5.551256363678390926e+02
1.798155325602175765e+02
2.539782627129313255e+02
5.794854242618653188e+02
7.186379127813913783e+02
6.690378632304339135e+02
3.595597628638219589e+02
2.995256718198086787e+02
1.882315117850185970e+02
5.153520546852505504e+02
3.938159935932702069e+02
1.304227983406922476e+03
9.107700187105958776e+02
7.471536959964573725e+02
1.174499687604542828e+02
4.986854970376114693e+02
2.779837770330822195e+02
3.306059294862422462e+02
2.138244289750389271e+03
8.172994381453441974e+02
2.021823286843344931e+03
1.173542977580145362e+03
4.426485608316237972e+02
3.200824520308649426e+02
8.290288498265041426e+02
5.048624007037207662e+02
1.342741467275152900e+03
4.919032106682096241e+02
1.453985597601939162e+03
1.476076754046259509e+02
2.590105956552394559e+02
9.748620935490132524e+02
8.837606375825208715e+02
4.171329140133292981e+02
2.008051141775142696e+02
1.348301574695577187e+02
1.361782092522312723e+03
5.068254768646502271e+02
5.298199661462293761e+02
1.002785806119606605e+03
2.380738788904013177e+02
3.429546507456048516e+02
4.875811072703741615e+02
1.246582048695865296e+03
4.587273797986974841e+02
4.754959520294603408e+02
1.073024050141562782e+02
8.613035594139232671e+02
4.764003487820780265e+02
1.945447989211112088e+02
4.075894240324112729e+02
2.116893582936807263e+02
3.576750340655570994e+02
7.120322528258216153e+02
4.920743331197032830e+02
6.764362672576011164e+02
1.306806884079381916e+02
1.196435849026128153e+03
2.214754624585529541e+02
7.804949785521281456e+02
9.405929169962671494e+02
2.818940355905722299e+02
1.789821064204521690e+02
3.681662976337186137e+02
4.696138539684345687e+02
5.136991980350207996e+02
1.301856389446162154e+02
1.712753144431676446e+02
2.517020710171997280e+02
4.752915308338313594e+02
4.521670938737246956e+02
1.509130258082413434e+02
3.480166702466610218e+02
1.843632974081620546e+02
9.408946316570172996e+01
4.390214826377927579e+02
1.231965973200369575e+02
4.257823198854735892e+03
4.457036017796239094e+02
4.193275005205539401e+02
1.734126840376249277e+02
5.557620882330826362e+01
9.967619423045821350e+02
1.922116401160243981e+02
2.050365836368181647e+02
2.407433963523401417e+03
8.966458158203697337e+01
1.626905473703405391e+02
7.110949624636871249e+02
3.960040284096970709e+02
4.221982554472724019e+02
1.433101955561407976e+03
1.195880219058264402e+03
4.443419740362003836e+02
1.022811263358337186e+02
1.416049769079480484e+03
2.921334979619768433e+02
6.670676087344007783e+02
7.243073615609871013e+03
1.106541653222969757e+02
5.636370398733578213e+02
3.081357965454097894e+02
6.496032016450826063e+01
5.093090807981887451e+02
1.054645384091097498e+02
2.696205565505474055e+02
2.880021118049774600e+02
1.184749238875394667e+03
9.877367421923847246e+01
8.987751492247639362e+02
3.519710959939511667e+02
7.800017365143223742e+02
6.371346558703924075e+02
1.064406084434629520e+03
3.782612144118454012e+02
5.559057579736280275e+01
9.685941322095018791e+01
2.818078974635065492e+02
1.256954260630100606e+02
2.879889083928205764e+02
1.196896889551395162e+02
5.996500784955180734e+02
1.164922285280675169e+03
2.705277532831425106e+03
5.712257391277393026e+02
9.354895778007066554e+01
9.415447065576192642e+01
7.208395414181778733e+02
2.622604576348396108e+02
1.895864605452955232e+02
6.933131167695312342e+02
3.640608218798865892e+02
1.187002271929720109e+03
1.005333730721446500e+03
1.784642124950853486e+02
4.340119854132828436e+02
7.008932386196768221e+02
9.654770946269902652e+02
6.655862680138541236e+02
5.879693814294491858e+02
1.101161291826614530e+02
8.308036436407832070e+01
7.424629291842945804e+02
2.348697057273003850e+02
1.751592093049041807e+02
5.010147152505793429e+02
1.903514206728862064e+02
3.195633661393720217e+02
2.191425199849683452e+02
1.295968051537084875e+02
2.358534479855852055e+02
1.621328062832201340e+03
1.225066793512575714e+03
7.469065092715077014e+01
6.287928297921412195e+02
1.002883467460117458e+03
3.118339045622665253e+03
4.663952647583585076e+02
1.520753716700028235e+02
4.216749186145229373e+02
4.668853529057624314e+02
1.362167049011648601e+02
1.461806247522548574e+02
1.559822498652071545e+03
8.793572929531010232e+02
6.968611041005698326e+01
5.225897359715144148e+02
3.307198725072339016e+02
1.762144996859446451e+02
3.180913154873616691e+02
1.553652275661024476e+02
4.415807970026879730e+02
2.679098670574690004e+02
1.958151867791067104e+02
6.060336873731205287e+01
3.016957746899660151e+02
9.381262452285084237e+02
1.228435128831801194e+03
2.421248610558465941e+02
4.902065204981894340e+02
3.518442450662968213e+02
3.301262066299540834e+02
5.664085867466831132e+02
1.315290598634539265e+03
1.557610612304378037e+03
5.268689893102296082e+02
6.222548765717327797e+02
6.001455167264540478e+02
3.015571332929693540e+02
4.903612003303762208e+02
2.000238193756877081e+02
1.112155137905221238e+02
7.485090890059514095e+02
1.846620154584055911e+02
2.177995182012132602e+02
4.980909648168299668e+02
1.059962918437280905e+03
3.644295617526790210e+01
2.286275120527479032e+02
4.215098551554868322e+02
1.003758446587111735e+03
3.003302019753074887e+02
1.306589739655075164e+03
1.255896634342130483e+03
9.385899829669406813e+01
2.823365410139525011e+03
9.661608103233382394e+01
2.652470881040745212e+02
1.319157637013916883e+03
2.922620089526978404e+02
1.292160330298043505e+02
2.001401986606712171e+02
7.399352219923579469e+03
6.007324071895226325e+02
2.806078020244782465e+02
3.199331675468152412e+02
1.167036080131512563e+03
6.166160763380354410e+02
3.049528348075402278e+02
3.815547104144523018e+02
4.117549171262123764e+02
4.879528480411281066e+02
2.270436245457133566e+02
1.350662063488287288e+02
2.251475228947515745e+02
4.870162477024749847e+01
1.865682537482968826e+02
2.322311642371313155e+03
4.134847654770285885e+02
1.707365785359615984e+02
5.623729866494630869e+02
2.266234906869420342e+02
1.939227846689934722e+02
6.098575411207771140e+02
1.426247802839120880e+02
6.104272889689558212e+01
4.389608370416326011e+02
1.977355402410495628e+02
2.231817297724051912e+02
1.919702371705160147e+02
4.301827483394012006e+02
7.145077363822460939e+02
6.406844881391134550e+01
1.065590435303897863e+02
4.751228348612452237e+02
1.244428678135979226e+03
2.951789102046747075e+02
1.479538086089141643e+03
9.821403633388891876e+02
1.164442796185320731e+03
3.720445427580910547e+01
6.660852786205990924e+03
2.076557260953251500e+02
4.565361216230205059e+02
1.594435140919759419e+02
3.032805279606457134e+02
3.424594116898505831e+02
4.944097177985880762e+02
1.603093863300960606e+02
5.372401021183435432e+02
1.408138885996272393e+03
9.926192190217490179e+02
1.411371479489688681e+03
1.555446119272325177e+03
2.478733469540082410e+02
4.682320998611564278e+02
5.208691781691387632e+02
6.897343153271272058e+02
5.206009891480847074e+01
1.017867694966047623e+02
2.595469723033823470e+02
3.383765912805513949e+02
6.159298774266923147e+02
6.698119177095780969e+02
6.592313759201455241e+02
2.405762575432617894e+02
3.228996546168810937e+02
5.459202900632744786e+02
1.045526505192821247e+02
5.070250630063790709e+02
1.760908932224766659e+02
1.666625885414319157e+02
2.145946616550176884e+02
1.001707567549815110e+02
7.654738113801814734e+02
7.877892699920612358e+02
4.187278312997057128e+02
6.141270548362509771e+02
1.743978089943360885e+02
4.890179117942960261e+02
1.824744416554367774e+02
9.756221843074513345e+01
2.793970371245337105e+02
1.093899188054336946e+03
1.140313101977853165e+02
4.502131564550618350e+02
5.135789195865257852e+02
8.990884545797948704e+02
3.411871480838653383e+02
2.266755883326093226e+02
7.654576939688464563e+02
6.350039714201338938e+02
1.051740845436670497e+03
5.573913350675243237e+02
1.801072615336026274e+03
5.106514215122479072e+02
1.477464987597545303e+02
4.767400270811960468e+02
1.429097689095555950e+02
2.247760108998592727e+02
1.723272278662593180e+03
1.618290037448396959e+02
1.892363039714784463e+03
1.055012530490203915e+02
1.318743529913200234e+02
1.295645390665533796e+02
3.619545384190636810e+02
1.152894266712978833e+03
7.932852628894411282e+02
2.357576682418249732e+02
2.697001363769633144e+02
4.033285570645371081e+02
2.605251435570816056e+02
4.350083767505245760e+02
3.417345223889878980e+03
5.470706696477143396e+02
7.181684822540635196e+02
8.616954985641550593e+02
2.495388646426078765e+02
1.628558446710966052e+02
1.173369842502943357e+03
5.461523108496817258e+02
1.658966595371764697e+03
5.704030657332133387e+02
3.777886805235049792e+02
9.290069038418627088e+02
6.895404187477415690e+02
1.207476925611011609e+02
2.324055737850051173e+02
3.079624396455657234e+02
1.467933577280077543e+03
1.124155407086818514e+03
1.049617153771589983e+03
5.394080854501874711e+01
3.513095440400440111e+03
5.161568686323198563e+02
1.487946583438640801e+03
3.241096469215762568e+02
4.851744077734193752e+02
7.835510688408937767e+02
1.004651662744810551e+03
1.035770700079843749e+02
8.965121181292677477e+01
2.202760440807281554e+02
1.192582909792393821e+03
2.980040133570519174e+02
2.425997533590778517e+02
2.733517387737626336e+02
1.233155399494869926e+03
3.823198977538024224e+02
6.406686391947521315e+02
7.279830867378865378e+01
3.515083860320457916e+02
2.193338233280416318e+02
1.927344691160560160e+03
2.085084680443791854e+02
1.999096761747927076e+03
1.210099192042681580e+03
5.442902689680696540e+02
9.124415019807958060e+02
5.542497212106250117e+02
7.929436752298385045e+02
7.577912080421459677e+02
2.385177785250087652e+02
1.883460364034749546e+02
7.685671441360099152e+02
3.144585510695637822e+02
4.262781145047719633e+02
2.222066132595806721e+03
3.985021756209430350e+02
3.520432965908522647e+02
7.016913739635285765e+02
9.793102327634695712e+02
6.130594779127002312e+02
4.807592083545729338e+02
1.926158387055070875e+02
9.152453801912706695e+02
3.690010495485832394e+02
6.132270276870688264e+01
1.819356840387393675e+02
4.841035620587306454e+01
2.370650265906846528e+02
7.234340813599084186e+01
9.791653148024138318e+02
1.486267811698178321e+02
1.243612099925248344e+02
2.807655607168957204e+02
5.568792698464161504e+02
1.009654681972729009e+03
1.997419331170482110e+03
2.981734067251250053e+02
1.243689492023789853e+03
7.997149202526978797e+02
4.124606087319352810e+02
1.612919386567834295e+02
1.076719087653783163e+03
2.414040549455081077e+02
2.679849081847465641e+03
9.046116588491390758e+02
1.019585856523789715e+02
3.028442028538825070e+02
1.810773748197248551e+03
7.578073104751575784e+02
9.732466456296773458e+02
3.032114669690567439e+02
2.624244043805236970e+02
1.072053936884516077e+02
1.315357791743115058e+03
1.521054262424469528e+02
5.493725808188484052e+02
1.416489646350637486e+02
3.189008272229343106e+02
5.386657823796587081e+02
1.331456258558350100e+03
1.313532275720719099e+03
8.656934286465262574e+01
9.679372599337369820e+02
2.226973095691657818e+02
6.336354764043467185e+02
2.219574305322141754e+03
3.437011789882200219e+02
5.994281277095354454e+01
4.714429078236946111e+02
3.941205646410921304e+01
1.342686871557532868e+03
1.189408310809839691e+02
3.124783741993775266e+02
3.489095501595175506e+02
3.300661731924610081e+02
6.134551275988034149e+02
3.717689785923378167e+02
4.555421355646473671e+02
2.849175789107247851e+02
1.296710691731071847e+02
6.542212122354484336e+02
1.331708172992873358e+02
4.645781167531405345e+02
2.209018955284539913e+02
4.826296652696007072e+02
5.897995279055821811e+02
2.147149763142794541e+02
5.115430679744537201e+02
1.483395245159937019e+02
2.712232234268444131e+02
5.437059026389807315e+01
5.299999341777592008e+02
1.097088155777386874e+03
2.669796047270259010e+02
1.136597001756991858e+02
2.525863618869511811e+02
6.530042226215631445e+02
4.146031659656776469e+02
1.949734166457756146e+02
2.087618774426996424e+02
1.443639957154146600e+02
4.400515398146135908e+02
4.901732558656846095e+01
8.997018781753110943e+02
5.803712093391798277e+01
4.730313206003895630e+02
5.175854864651261096e+02
3.035397425427153166e+02
5.313331571735799486e+01
1.432288443543879112e+03
3.903367187982084374e+02
1.072199538050963383e+03
1.556489056885076820e+02
6.115591654172154676e+02
3.306685477295993678e+02
1.364152614548165730e+03
5.250293925257872161e+02
1.721460519277681556e+02
2.549804598118593901e+02
1.034547961616123786e+02
5.943292594391543844e+02
5.856882841167351899e+02
6.300834563174859113e+02
1.302105302598220305e+03
3.160365003020455106e+02
2.454378236844125354e+02
3.536790494170839452e+02
1.848294125713831136e+03
2.626105733090749936e+02
8.339466568878430053e+02
2.882524683667033401e+02
5.454932452301310377e+02
2.420988206530564639e+02
2.912170865583221939e+02
3.254373718332885801e+02
3.244102232070447940e+02
6.277223801692642837e+02
9.512634257408687688e+01
1.814778429701176776e+02
5.265201752950949867e+02
2.545650163335146487e+02
1.044002181821934983e+03
2.371384959967846271e+02
4.870282738508212788e+02
2.011441109477684961e+02
1.361186207601402032e+02
7.415069593800133418e+01
3.957620438101120612e+02
1.689979021968593713e+02
6.342404466137304553e+02
1.440197210136665831e+02
8.934269871218674552e+01
1.070378944418392393e+03
4.732766645534498480e+02
3.492808456518035314e+02
1.280169153057903486e+02
2.167082505699592730e+03
9.353873074750874821e+02
5.068419297075151349e+02
6.417038041420873924e+02
9.113228210589345508e+02
4.166806746447614955e+02
2.884103462759698573e+02
5.777280122953823138e+02
3.426319097880339086e+02
1.616611855561196194e+02
3.061283954720750557e+02
2.421922338392306528e+02
6.224097105991755825e+02
6.024322262755349584e+02
1.313616901836196575e+03
2.272824036423742768e+02
7.088607411083218039e+02
8.812244914292850808e+02
1.399739082313417384e+02
1.078348155230569091e+03
4.572812209577277827e+03
6.545847280499256726e+01
1.599465000939951551e+02
4.026606503117416196e+02
2.775505210840062773e+02
1.281802523250884633e+03
1.827090402906258078e+02
1.048742964670706783e+02
4.513683798212102829e+02
4.916154297526027790e+02
1.556378277480311567e+02
2.899004078423026272e+02
1.718775238657905504e+02
8.643663473313117152e+01
5.233877978024294180e+02
4.838251279748978391e+02
5.545827189482149606e+02
8.003839018868102357e+02
7.320350139500990281e+02
2.357741021434194124e+02
4.475564259269289096e+02
5.058363198630183888e+02
1.023193285291662420e+02
7.205239651239695604e+02
1.254495905695466490e+03
6.999276424038527011e+02
8.517845942875128458e+02
2.743784556842813913e+02
2.837880271243168409e+02
3.221853970667999079e+02
1.106895647731469580e+03
1.440592595505116833e+03
9.197980842447805117e+02
2.258221991384469618e+02
2.180196044786511038e+02
5.823377897219069155e+02
1.370299008556413582e+03
5.850693792955105437e+02
7.384577830264064460e+02
5.499452858822203325e+02
1.419518417704719013e+02
2.846933494431041254e+02
5.334238938739100604e+02
3.241005575817120530e+02
9.951959853332106150e+02
1.019046863711396895e+02
4.397966643159152795e+02
1.386305313148333198e+03
4.245436755964033750e+02
4.757073199119171250e+02
7.285021679225245634e+02
2.018576886675084268e+02
5.559683547191831394e+02
1.127849439871942877e+03
1.334516611732100273e+03
2.223150613968600169e+02
4.148085399693572413e+02
1.132010726474666455e+02
7.511442727350551252e+01
9.958503777260424386e+02
9.117870181633592210e+02
5.906911927605256096e+02
1.344085811295915391e+03
1.424418097429580712e+02
2.127278579717186631e+02
5.637098625045775862e+02
3.962354746148266713e+02
5.637985017004741621e+02
6.979877293032542696e+01
4.622935778075047324e+02
1.053523364251593648e+03
8.108022490721692748e+02
5.152749476536982911e+02
4.342301943482605679e+02
8.736516604442522294e+02
2.801734705395142555e+02
2.713940001864996248e+02
1.443906595355854051e+03
2.114675427490307413e+02
2.325701888434242846e+03
1.365633137713070937e+02
8.164828868049201560e+01
6.231081514615464130e+02
8.578345804391885849e+02
8.445575611403668290e+02
5.132880168503249934e+02
3.869207655474615422e+02
1.082293113426222817e+03
8.535041318376020172e+02
3.069019082777883796e+02
2.124915293911477079e+02
9.644894303572195327e+01
6.307044783956749825e+02
1.292045382048479496e+02
6.286338124768965372e+02
6.368939932229593524e+02
4.472825785240815435e+02
2.744345180054804132e+02
4.220677775629272219e+03
3.637135635459584364e+02
6.107960453276439949e+01
2.526940525048533800e+03
1.168160877349604789e+03
3.791358436561206986e+02
2.218737413576350264e+03
2.052402989545011565e+02
1.453064071009456484e+03
3.787243055037856720e+02
5.238147420770908411e+02
1.381480389169179261e+02
1.123620347079957583e+03
8.430728649482101673e+02
2.239473911329094335e+03
4.476323781130873272e+02
3.763050027469511178e+02
6.801271047865838000e+02
6.551420077786010552e+02
1.009238076364977587e+03
2.763621319660567224e+02
4.241413438853175535e+02
1.380984024823747234e+02
3.912644755913586323e+02
3.372951207699352381e+02
5.731614047626123920e+02
6.130528167354337938e+02
7.406402394346850997e+02
9.193814807501116775e+02
1.644239547564580562e+03
7.890059606260306282e+02
1.372780137059236722e+03
7.399375968482438566e+02
4.621402874192297645e+02
5.146808608613771412e+02
5.250988412329999164e+02
7.036375447927766800e+02
7.760297154852088397e+01
1.023650936450185895e+03
2.109300776015234362e+02
9.692655111162328012e+02
1.409175153281722487e+03
2.757790338803182522e+02
3.972817014155799598e+02
4.996272370916040586e+02
4.605982959001640324e+02
8.835041296911266500e+02
2.272324775610169638e+02
4.597694383485135745e+02
1.835181192900694896e+03
5.725783478814013279e+02
1.616445423975444839e+02
3.945080380079835436e+02
5.527215956689871064e+02
1.743926433656898212e+02
5.793653352448637861e+02
2.387925485457287493e+02
1.218359758514958600e+02
3.136451252736343349e+02
7.068272903179331479e+02
4.401397427731425523e+03
2.666593389615187562e+02
5.870244108254762523e+02
8.277872550230273418e+02
1.388821931088208714e+02
4.580482997395660050e+01
2.511626791219775043e+02
1.208601736856596460e+02
7.453242528326555885e+02
9.966837532068501559e+01
8.667937472165601775e+02
5.886369197015711734e+02
1.652114846373875992e+02
5.132421244618583245e+01
1.321768554148277701e+02
3.639397344685227722e+02
2.402761137818850443e+02
8.235939311246498562e+01
1.351523137857052745e+02
2.381283429856106977e+03
1.678434229532890924e+02
7.216636078526018139e+01
2.298580023799663365e+02
2.858988194722788876e+02
7.021465564921420821e+01
2.806441494542617647e+02
7.106469581831215692e+02
1.805175363599430966e+03
1.899966467533877506e+02
1.286977705209718010e+02
2.119632518893997997e+02
3.734249483537257674e+02
5.914431995566644673e+02
1.261253274774304458e+02
1.060603167168895197e+03
3.279631892399378899e+02
1.790983109361292804e+02
1.153843530510796000e+02
4.399671895760168923e+02
1.371485470141774385e+02
5.495103463108199549e+02
2.133003592956956709e+02
1.032201714754171007e+03
1.291442544326470170e+02
7.648343418722165552e+02
1.324151461231298299e+02
9.548690415656504626e+01
5.039893229514803465e+02
8.190058107521820148e+02
1.926094562095669858e+02
8.275119324958664890e+01
4.031489333045111607e+02
8.141744832512958965e+02
9.267914536376098056e+01
1.552323933197206713e+02
2.572153867104902929e+02
3.356633644140256933e+02
1.540531606423556639e+02
6.973331730502106893e+02
1.083933261050443235e+02
2.962763855651684253e+02
5.014429493255163948e+02
2.504872969913990630e+02
1.297879510263358043e+03
4.957771379115580999e+02
9.348143380939780400e+03
2.473545753343448155e+02
2.556473083825461856e+02
3.669921441846918810e+02
1.137623836328012430e+03
6.543023792705662345e+02
1.224445897520118081e+02
5.855099115441366564e+01
7.426606127379318423e+02
1.096143517584840083e+03
2.057040723912345470e+02
9.078096442699199997e+01
3.524856386718698786e+02
1.209760215469109608e+04
4.876657758014759025e+01
6.057846339758166323e+02
8.574259862119480431e+02
3.732197098164388080e+02
6.670918868140655604e+02
5.213225317563214958e+02
2.759960587133330137e+02
9.746721920531279011e+02
3.119566099502818588e+02
4.899047961414902375e+02
7.016329551066893373e+02
1.434488793976354373e+02
9.335720354205038802e+02
3.820659728494402430e+02
7.997078425518259337e+02
1.145363018113189355e+03
3.883602561763732979e+02
3.637016003803575586e+03
1.081927457592288647e+03
6.556004854139632698e+02
1.206249766761788607e+02
4.140951448139903732e+02
1.412894171179825094e+02
4.040690356822162812e+02
5.954938062547906839e+02
2.065084955494670851e+02
1.478761827498468904e+02
5.879716697079777532e+01
2.695026915527669189e+03
1.953042476606322850e+02
7.922210422072929248e+01
3.291653193535225341e+02
1.196444267081249336e+03
9.618074645827025506e+02
9.985005303771116303e+01
6.323752377121750214e+02
